<?xml version="1.0"?>
<opencv_storage>
<RMS>4.0166687620599512e-01</RMS>
<intrinsic type_id="opencv-matrix">
  <rows>3</rows>
  <cols>3</cols>
  <dt>d</dt>
  <data>
    5.0638223943882923e+02 0. 3.3525599601610384e+02 0.
    5.0419236007684975e+02 2.3819272945681158e+02 0. 0. 1.</data></intrinsic>
<distortion type_id="opencv-matrix">
  <rows>1</rows>
  <cols>5</cols>
  <dt>d</dt>
  <data>
    4.2659020167640740e-02 7.8867318164129985e-01
    -6.8905953296090642e-04 9.5158500261536185e-03
    -2.6659341879381429e+00</data></distortion>
</opencv_storage>
